      91         26         9
     134         72        18
     188         32        23
     235         31        17
     313         32        16
     335         88        17
     383         40        28
     416         44         5
     488          7        11
     503         63         5
     576         86        15
     665         66        21
     756          7        13
     853         76         0
     927         39        29
     983         24        29
    1044         57         0
    1110         14         2
    1111         55        18
    1139         25        15
    1177          4         9
    1207         99         7
    1266         77         4
    1355         73        11
    1393         31         9
    1464         34        25
    1526         40         0
    1607         56        28
    1660         93        11
    1661         22        29
    1723          5        19
    1742         29        29
    1779         38         3
    1823         41         9
    1918         44        15
    2017         14        16
    2028         88        13
    2052         10        24
    2111         96        24
    2206          5        25
    2301          7         1
    2374          0        22
    2384         20         9
    2402         86        16
    2438         11         2
    2497         43        20
    2524         25        12
    2607         67        22
    2704         12        20
    2784         54         1
    2835         26        20
    2926          7         9
    2961         78        10
    3000          2        23
    3049         25        26
    3084         96        29
    3178         45         0
    3276         60        21
    3300         80         3
    3332         32        14
    3394         27        12
    3429         38         5
    3493         27        19
    3518          5        10
    3573         23         8
    3608         50        27
    3674         87         6
    3729         82        15
    3786          8        27
    3870         77        10
    3964         47        23
    4003         70        14
    4014         42         8
    4104         14        12
    4148         16        17
    4176         92        27
    4236         26        15
    4286         32        25
    4339          6        25
    4364         41        22
    4374         16        11
    4392         72        25
    4426          7         0
    4441         33        15
    4472         65         4
    4479         87         6
    4531         38        27
    4549         48        13
    4630         83        18
    4701         33        24
    4706         54        25
    4751         55        15
    4845         85        16
    4883         56         3
    4976          6        23
    4981         88        21
    5022         98        21
    5025         70        21
    5027         86         9
    5072         11        20
    5168         64         4
    5259         79         5
    5332         72        13
    5430         33        23
    5528         10         7
    5594         76        15
    5615         69        22
    5643         56         8
    5647         48         1
    5662         41        11
    5708          1        25
    5714         98        21
    5731         89        17
    5748         82        25
    5780         86         2
    5833         66        17
    5907         72         3
    5946         65         0
    6034         94        17
    6092         92        13
    6125         17        11
    6139         45         7
    6160         89        22
    6190         70         1
